1757505498665 0.15883185547225329 1
1757505563193 0.2531504199212911 2
1757505626916 0.29470415078863804 3
1757505689990 0.3347541185057893 4
1757505752005 0.36187939193783975 5
1757505811676 0.39044751196491473 6
1757505871267 0.4218009211579148 7
1757505929888 0.437547004344512 8
1757505988648 0.4413408199135138 9
1757506047624 0.45466899932647237 10
1757506106202 0.45957587811411643 11
1757506165248 0.46706912468890754 12
1757506224321 0.47300333027936975 13
1757506286178 0.4790514750140054 14
1757506345157 0.4840899657229988 15
1757506403883 0.4868985694281909 16
1757506464903 0.49144445511759544 17
1757506523823 0.4952190931962461 18
1757506582772 0.4944816888595114 19
1757506643947 0.49865266741538533 20
1757506703061 0.5009408398550383 21
1757506762115 0.5053295420140637 22
1757506821076 0.5063914644474886 23
1757506880343 0.5090771049869304 24
1757506939219 0.5117616179038067 25
1757506998729 0.5118853340343553 26
1757507057884 0.5143626514746218 27
1757507118084 0.5139779679629267 28
1757507178487 0.5111249916407526 29
1757507238812 0.5140569343858835 30
