1757505498797 0.08635119261334137 1
1757505563328 0.2075784204869854 2
1757505627047 0.26744546117831247 3
1757505690122 0.3289308852078963 4
1757505752137 0.36469377729357505 5
1757505811809 0.38725424542719006 6
1757505871399 0.4181395580573958 7
1757505930019 0.43774854467839613 8
1757505988780 0.4365766601903098 9
1757506047755 0.4501953769703301 10
1757506106334 0.4569135527221524 11
1757506165380 0.4641082226013651 12
1757506224455 0.4703333438659201 13
1757506286310 0.4775020820753915 14
1757506345294 0.4828421266711488 15
1757506404014 0.48537799168606194 16
1757506465035 0.4899815631156065 17
1757506523957 0.4948457309177944 18
1757506582904 0.4943007516617678 19
1757506644080 0.499028209520846 20
1757506703193 0.5000948090942539 21
1757506762248 0.5045882883120556 22
1757506821207 0.5066606037470759 23
1757506880475 0.5084336327046765 24
1757506939351 0.5105497052474898 25
1757506998863 0.5103529995801498 26
1757507058015 0.5136227923996595 27
1757507118218 0.5131746335905425 28
1757507178619 0.510146367306612 29
1757507238947 0.513510954015109 30
