1757505498534 2.6636110665846844 1
1757505563061 1.9425643609494578 2
1757505626783 1.8362433448129771 3
1757505689859 1.747638198794151 4
1757505751872 1.6830480706935027 5
1757505811544 1.6149112643027792 6
1757505871132 1.5379879717924156 7
1757505929755 1.5051028874455665 8
1757505988515 1.4892956650986964 9
1757506047491 1.4600002035802724 10
1757506106070 1.4379454194283 11
1757506165116 1.4261035140679807 12
1757506224189 1.4185005791333256 13
1757506286046 1.4097676496116482 14
1757506345025 1.3975099300851628 15
1757506403749 1.3943035505255874 16
1757506464767 1.3831244755764396 17
1757506523689 1.377657228586625 18
1757506582638 1.3808853772221779 19
1757506643813 1.371965082324281 20
1757506702928 1.3629862362024736 21
1757506761983 1.352807263938748 22
1757506820943 1.3520225846037572 23
1757506880209 1.3482922242612254 24
1757506939085 1.341776256658593 25
1757506998596 1.337029970422083 26
1757507057751 1.328176710070396 27
1757507117950 1.3328704542043257 28
1757507178352 1.3333454788947592 29
1757507238679 1.327868991968583 30
