1757505499061 0.08828257195347426 1
1757505563593 0.18621334859303065 2
1757505627316 0.24752398413054796 3
1757505690386 0.30369813892306113 4
1757505752402 0.3380847640183507 5
1757505812073 0.3701995592944476 6
1757505871665 0.404720064936852 7
1757505930284 0.4210060986937309 8
1757505989075 0.42516970087070854 9
1757506048018 0.43853380667920017 10
1757506106600 0.44690981264017066 11
1757506165644 0.45420878517384433 12
1757506224723 0.46031262619154795 13
1757506286576 0.46663051417895723 14
1757506345561 0.47238521429957175 15
1757506404279 0.47465517082992864 16
1757506465302 0.48047488806199057 17
1757506524222 0.4841283851740312 18
1757506583170 0.48287191926216594 19
1757506644346 0.487389543226787 20
1757506703458 0.490379342011043 21
1757506762514 0.49381245520650124 22
1757506821473 0.4957513103679735 23
1757506880742 0.49867534211703707 24
1757506939616 0.5017198737786741 25
1757506999131 0.5015728425006477 26
1757507058281 0.5042143792522197 27
1757507118486 0.5035018136306685 28
1757507178884 0.5010935141115772 29
1757507239213 0.5034624034044693 30
