1757505498928 0.15939881470130415 1
1757505563460 0.2530976558218197 2
1757505627182 0.29584227167830174 3
1757505690255 0.3352278769016266 4
1757505752270 0.362348771216918 5
1757505811940 0.3904149927655045 6
1757505871530 0.42239626208130193 7
1757505930152 0.43783061844961985 8
1757505988943 0.4412661237376077 9
1757506047887 0.4547608494758606 10
1757506106467 0.4603343174165609 11
1757506165512 0.46756958170812957 12
1757506224590 0.47293041676891096 13
1757506286442 0.4793122873014333 14
1757506345428 0.48418697410700273 15
1757506404145 0.48718405013181726 16
1757506465167 0.4914495330684039 17
1757506524089 0.4958057281922321 18
1757506583036 0.49490299699257834 19
1757506644212 0.4990714605973691 20
1757506703327 0.5017114190422759 21
1757506762382 0.505659779115599 22
1757506821339 0.506550981682174 23
1757506880609 0.5094294785236826 24
1757506939484 0.5123318439843704 25
1757506998999 0.5118642248669449 26
1757507058148 0.5148171149954504 27
1757507118353 0.5143259216328057 28
1757507178751 0.511931621298498 29
1757507239080 0.5146163130293087 30
