1757517735759 0.097900390625 1
1757517741017 0.14546712239583334 2
1757517746349 0.17454020182291666 3
1757517751702 0.21207682291666666 4
1757517757116 0.2598876953125 5
1757517762509 0.2882893880208333 6
1757517767826 0.3267618815104167 7
1757517773195 0.3562825520833333 8
1757517778532 0.3682454427083333 9
1757517784000 0.3884684244791667 10
1757517789496 0.416748046875 11
1757517794731 0.4381103515625 12
1757517799899 0.4554036458333333 13
1757517805351 0.4697265625 14
1757517810733 0.4849650065104167 15
1757517815905 0.4845174153645833 16
1757517821051 0.5094807942708334 17
1757517826520 0.50677490234375 18
1757517831712 0.53131103515625 19
1757517837061 0.53179931640625 20
1757517842181 0.5475056966145834 21
1757517847497 0.5455118815104166 22
1757517852720 0.559814453125 23
1757517857851 0.5549723307291666 24
1757517863222 0.5588175455729166 25
1757517868846 0.5645955403645834 26
1757517874325 0.5558268229166666 27
1757517879732 0.5883382161458334 28
1757517885061 0.5758870442708334 29
1757517890563 0.5794270833333334 30
1757517895871 0.58306884765625 31
1757517901019 0.5917765299479166 32
1757517906350 0.5919596354166666 33
1757517911838 0.5795084635416666 34
1757517917205 0.5951944986979166 35
1757517922537 0.60223388671875 36
1757517927838 0.5987345377604166 37
1757517933052 0.5963134765625 38
1757517938303 0.6136474609375 39
1757517943716 0.6171671549479166 40
1757517949088 0.6136271158854166 41
1757517954315 0.6201578776041666 42
1757517959564 0.61407470703125 43
1757517964730 0.6177164713541666 44
1757517970211 0.6178181966145834 45
1757517975629 0.6307576497395834 46
1757517981173 0.6211954752604166 47
1757517986671 0.6252237955729166 48
1757517992210 0.6274210611979166 49
1757517997712 0.6288655598958334 50
