1757517736218 0.02003226048933963 1
1757517741421 0.06025904300622642 2
1757517746748 0.08772080174336831 3
1757517752121 0.14532156816373268 4
1757517757516 0.2107668798416853 5
1757517762911 0.2418742229541143 6
1757517768223 0.29386501386761665 7
1757517773599 0.32498396188020706 8
1757517778929 0.34512697408596676 9
1757517784399 0.36687876284122467 10
1757517789905 0.40021546309192974 11
1757517795130 0.42297858620683354 12
1757517800337 0.4433382600545883 13
1757517805752 0.4580503726998965 14
1757517811143 0.4732082312305768 15
1757517816328 0.4743551512559255 16
1757517821453 0.5004691195984682 17
1757517826976 0.4980839105943839 18
1757517832132 0.5243141030271848 19
1757517837479 0.5221138149499893 20
1757517842600 0.5409063299496969 21
1757517847931 0.5399617652098337 22
1757517853135 0.5523020252585411 23
1757517858288 0.5479055767258009 24
1757517863658 0.5523362333575884 25
1757517869251 0.5572819213072459 26
1757517874744 0.548462625592947 27
1757517880137 0.5838922460873922 28
1757517885463 0.570060983300209 29
1757517890964 0.5738557875156403 30
1757517896276 0.5765880619486173 31
1757517901423 0.5865301936864853 32
1757517906766 0.586108090976874 33
1757517912238 0.5737453798453013 34
1757517917612 0.5904005939761797 35
1757517922941 0.5984140311678251 36
1757517928300 0.5926814501484235 37
1757517933456 0.5896364872654279 38
1757517938738 0.6102215449015299 39
1757517944123 0.6130733291308085 40
1757517949550 0.6090564901630083 41
1757517954779 0.6163025150696436 42
1757517959983 0.6101120760043462 43
1757517965183 0.6138253808021545 44
1757517970626 0.6133261099457741 45
1757517976031 0.6274519289533297 46
1757517981576 0.6173835049072901 47
1757517987080 0.6218691269556681 48
1757517992613 0.6243777920802435 49
1757517998115 0.6241225128372511 50
