1757517735622 2.3799716234207153 1
1757517740878 2.266622871160507 2
1757517746216 2.139518231153488 3
1757517751564 2.0477296014626822 4
1757517756964 1.965710813800494 5
1757517762375 1.906993806362152 6
1757517767694 1.8321446627378464 7
1757517773057 1.761392280459404 8
1757517778399 1.7410611261924107 9
1757517783867 1.6749002635478973 10
1757517789364 1.6037709911664326 11
1757517794599 1.5437016983826954 12
1757517799755 1.5030991633733113 13
1757517805218 1.4606180588404338 14
1757517810599 1.4251671681801479 15
1757517815767 1.4334495117266972 16
1757517820914 1.3723410765329997 17
1757517826370 1.3817123572031658 18
1757517831576 1.3149423499902089 19
1757517836919 1.305789440870285 20
1757517842043 1.280735120177269 21
1757517847354 1.2891225864489873 22
1757517852569 1.2357324560483296 23
1757517857718 1.247141753633817 24
1757517863082 1.233425994714101 25
1757517868711 1.224091812968254 26
1757517874190 1.2541115234295528 27
1757517879597 1.171940008799235 28
1757517884928 1.2069575289885204 29
1757517890430 1.179669256011645 30
1757517895731 1.1801853229602177 31
1757517900886 1.1548037926355998 32
1757517906216 1.1501646985610325 33
1757517911706 1.1898931364218395 34
1757517917071 1.1493249634901683 35
1757517922403 1.1273864458004634 36
1757517927695 1.1377354512612026 37
1757517932916 1.1367292702198029 38
1757517938162 1.098415419459343 39
1757517943581 1.0838833699623744 40
1757517948942 1.0905747264623642 41
1757517954169 1.0804491738478343 42
1757517959413 1.095033233364423 43
1757517964585 1.0874964147806168 44
1757517970076 1.0776114265124004 45
1757517975496 1.0496672590573628 46
1757517981037 1.0733463267485301 47
1757517986536 1.0617692718903224 48
1757517992077 1.0596557011206944 49
1757517997577 1.0619932636618614 50
