1757517736072 0.09958268919338782 1
1757517741285 0.14510794760038456 2
1757517746617 0.17553321768840155 3
1757517751987 0.21294580275813738 4
1757517757382 0.259386258199811 5
1757517762773 0.2884901612997055 6
1757517768089 0.326005960504214 7
1757517773465 0.35679686193664867 8
1757517778797 0.3684969072540601 9
1757517784264 0.38897434001167613 10
1757517789771 0.4162926847736041 11
1757517794996 0.43878179664413136 12
1757517800203 0.45564286410808563 13
1757517805619 0.4690518081188202 14
1757517811009 0.4849075215558211 15
1757517816195 0.4851849277814229 16
1757517821322 0.5094394547243913 17
1757517826841 0.506697361667951 18
1757517831992 0.5314109375079473 19
1757517837346 0.5308829719821612 20
1757517842468 0.5475844815373421 21
1757517847775 0.5458682825167974 22
1757517853001 0.5595265204707781 23
1757517858142 0.5551547283927599 24
1757517863523 0.560091624657313 25
1757517869116 0.5652222732702891 26
1757517874602 0.5571704593797525 27
1757517880005 0.5888203531503677 28
1757517885327 0.5765170554320017 29
1757517890828 0.5791924794514974 30
1757517896139 0.5835192998250326 31
1757517901286 0.591797724366188 32
1757517906618 0.5920264422893524 33
1757517912105 0.580440471569697 34
1757517917478 0.5959937050938606 35
1757517922805 0.6020961453517278 36
1757517928132 0.5989925662676493 37
1757517933320 0.5965092107653618 38
1757517938587 0.6141742269198099 39
1757517943988 0.6172577639420828 40
1757517949394 0.6143829077482224 41
1757517954616 0.619835190474987 42
1757517959841 0.6134479641914368 43
1757517965030 0.6184777716795603 44
1757517970492 0.6179992233713468 45
1757517975895 0.6309538185596466 46
1757517981441 0.6217777207493782 47
1757517986940 0.6255197624365488 48
1757517992478 0.6271551077564558 49
1757517997980 0.6296468501289686 50
