1757517735911 0.012965265195816755 1
1757517741152 0.05361714505124837 2
1757517746482 0.0738218695235749 3
1757517751848 0.15854830015450716 4
1757517757251 0.23386101238429546 5
1757517762640 0.26132846996188164 6
1757517767956 0.3269314095377922 7
1757517773330 0.3599390673140685 8
1757517778664 0.3880710614224275 9
1757517784132 0.39627013603846234 10
1757517789634 0.4290944052239259 11
1757517794864 0.4527357096473376 12
1757517800056 0.4668353659411271 13
1757517805484 0.48230411236484844 14
1757517810877 0.4982969971994559 15
1757517816063 0.5053756857911745 16
1757517821185 0.5180108435451984 17
1757517826690 0.53031729037563 18
1757517831855 0.5403780204554399 19
1757517837201 0.5501715218027433 20
1757517842332 0.559779924650987 21
1757517847634 0.5627123614152273 22
1757517852868 0.5706855754057566 23
1757517857991 0.5747443487246832 24
1757517863375 0.5841094180941582 25
1757517868980 0.5857335155208906 26
1757517874469 0.579338937997818 27
1757517879864 0.5984963277975718 28
1757517885193 0.5908644100030264 29
1757517890696 0.6010026906927427 30
1757517896006 0.6064777821302414 31
1757517901153 0.6084010278185209 32
1757517906483 0.6139995977282524 33
1757517911973 0.6088324462374052 34
1757517917338 0.6075004637241364 35
1757517922672 0.6184432978431383 36
1757517927973 0.6191125189264616 37
1757517933187 0.6162016515930494 38
1757517938437 0.6271002516150475 39
1757517943854 0.6301801552375158 40
1757517949230 0.6329985981186231 41
1757517954469 0.6332408760984739 42
1757517959701 0.6342377439141273 43
1757517964882 0.6366337810953459 44
1757517970358 0.6354334106047949 45
1757517975761 0.6439719125628471 46
1757517981306 0.6456577380498251 47
1757517986805 0.6388432209690412 48
1757517992344 0.6434464355309805 49
1757517997845 0.6474614416559538 50
