1757513627566 0.5429862506535589 1
1757513689506 0.5587889527787968 2
1757513755995 0.564408332717662 3
1757513821234 0.5664622114629162 4
1757513886090 0.5716732935029634 5
1757513948431 0.5723979923189902 6
1757514010659 0.5781873987645519 7
1757514072560 0.5793727575516214 8
1757514136658 0.5819696333943581 9
1757514201395 0.5861793488872294 10
1757514264932 0.5887510156144902 11
1757514330597 0.5902049140054353 12
1757514395452 0.595399196050605 13
1757514459810 0.5954310675056613 14
1757514523431 0.5961612085906827 15
1757514586648 0.6020444558591259 16
1757514649727 0.603839779386715 17
1757514713200 0.6064626756979494 18
1757514776176 0.6065143748205535 19
1757514839889 0.6086025858411983 20
1757514902316 0.6106966283856606 21
1757514966025 0.6141962919916425 22
1757515027938 0.6137623993717894 23
1757515089631 0.6149800748241191 24
1757515152563 0.6155234392808409 25
1757515213952 0.6192800877045612 26
1757515275391 0.6218652384621757 27
1757515337295 0.6192265797634514 28
1757515400567 0.6235780594300251 29
1757515461524 0.6223870905078187 30
