1757513627037 1.2308326132443486 1
1757513688976 1.1965517827442713 2
1757513755465 1.1823005578955825 3
1757513820704 1.1746149987590557 4
1757513885558 1.1631454496967548 5
1757513947899 1.157354753844592 6
1757514010128 1.1491834606443132 7
1757514072030 1.1444823425643298 8
1757514136127 1.1357805923539765 9
1757514200863 1.1291529475426187 10
1757514264401 1.1177495474718055 11
1757514330064 1.1177421491973254 12
1757514394923 1.109933198714743 13
1757514459276 1.1029236584293598 14
1757514522896 1.0980668408530099 15
1757514586113 1.0935432667634926 16
1757514649192 1.0870025839124406 17
1757514712666 1.0810686690466744 18
1757514775641 1.081459410336553 19
1757514839355 1.0751078128814697 20
1757514901777 1.0695115108879245 21
1757514965487 1.0645972879565493 22
1757515027402 1.064154863357544 23
1757515089094 1.0600472785988633 24
1757515152032 1.055393035314521 25
1757515213417 1.0503283106550878 26
1757515274858 1.045260754166817 27
1757515336762 1.0466676512543036 28
1757515400031 1.0417204207303572 29
1757515460988 1.0420602864148665 30
