1757513627299 0.5431394650011646 1
1757513689241 0.5585135026853911 2
1757513755731 0.5639621822201476 3
1757513820968 0.5659045905483012 4
1757513885825 0.5715043264992383 5
1757513948164 0.5721194671124828 6
1757514010393 0.5783254394725877 7
1757514072293 0.5795410847177311 8
1757514136394 0.582026481628418 9
1757514201131 0.5861835917648004 10
1757514264668 0.5886432370361017 11
1757514330330 0.5904101425287674 12
1757514395186 0.5956851973825571 13
1757514459544 0.5957530420653674 14
1757514523165 0.5968847955976214 15
1757514586378 0.6024764119362345 16
1757514649460 0.6044297060187982 17
1757514712933 0.6071645179573371 18
1757514775908 0.6070788003960434 19
1757514839623 0.6094644860345491 20
1757514902047 0.6112733495478727 21
1757514965757 0.6145942393614321 22
1757515027672 0.6143336162275198 23
1757515089363 0.6155670406867046 24
1757515152298 0.6160004163274959 25
1757515213684 0.6199870036572827 26
1757515275122 0.6225316001444446 27
1757515337030 0.6204254627227783 28
1757515400298 0.6243855065228988 29
1757515461255 0.6231709767361077 30
