1757513627168 0.5504988480587395 1
1757513689109 0.5655582912114202 2
1757513755598 0.5709156600796447 3
1757513820837 0.5729330875435654 4
1757513885691 0.5775996799371681 5
1757513948031 0.578442749928455 6
1757514010261 0.5842047321553133 7
1757514072162 0.5852850797225018 8
1757514136260 0.5873645519723698 9
1757514200995 0.5916584949104153 10
1757514264534 0.594462585692503 11
1757514330197 0.5956264138221741 12
1757514395055 0.6006400864951464 13
1757514459412 0.6009732533474358 14
1757514523031 0.6014542020097071 15
1757514586245 0.6073978093205666 16
1757514649324 0.60849658323794 17
1757514712800 0.6111953854560852 18
1757514775775 0.6114352953677274 19
1757514839489 0.6133662340592365 20
1757514901911 0.6152810040785341 21
1757514965621 0.6186393706166015 22
1757515027537 0.6182182114951464 23
1757515089230 0.6195365896030348 24
1757515152164 0.6198648688744526 25
1757515213551 0.6236297293585173 26
1757515274990 0.6261551793740721 27
1757515336894 0.6236139353440733 28
1757515400164 0.6277694969761128 29
1757515461122 0.626483833303257 30
