1757513627433 0.55093850773208 1
1757513689373 0.5661624073982239 2
1757513755864 0.5716008750759826 3
1757513821101 0.5736409583870246 4
1757513885958 0.5781893547700376 5
1757513948298 0.5790676924647117 6
1757514010526 0.5848556611002708 7
1757514072427 0.5858594239974508 8
1757514136525 0.5881933496922863 9
1757514201263 0.5924249522540034 10
1757514264801 0.5951198254312787 11
1757514330465 0.5963249595797792 12
1757514395320 0.6014173724213425 13
1757514459676 0.6016439552209816 14
1757514523297 0.6021266616120631 15
1757514586515 0.6079274124028732 16
1757514649594 0.6092481844279231 17
1757514713066 0.6120030210942639 18
1757514776040 0.6123318161283221 19
1757514839757 0.6139139557371334 20
1757514902182 0.6158515470368522 21
1757514965891 0.6193025404093216 22
1757515027804 0.6188070688928876 23
1757515089497 0.620250755426835 24
1757515152431 0.6206105023014302 25
1757515213817 0.6243652287794619 26
1757515275257 0.6269870789683595 27
1757515337163 0.6243342440955493 28
1757515400434 0.6283871859920268 29
1757515461389 0.6271781592952962 30
