1757519371195 2.3051946262518563 1
1757519376540 2.304991434017817 2
1757519381703 2.3047639628251395 3
1757519387069 2.3045905232429504 4
1757519392359 2.3044253289699554 5
1757519397717 2.3041995664437613 6
1757519402856 2.3039833505948386 7
1757519408116 2.3038512965043387 8
1757519413351 2.303684095541636 9
1757519418442 2.303482780853907 10
1757519423507 2.303337166706721 11
1757519428552 2.3031882842381797 12
1757519433602 2.302970995505651 13
1757519438715 2.3028532763322196 14
1757519443804 2.302701860666275 15
1757519449294 2.3025724391142526 16
