1757519371589 0.10000000149011612 1
1757519376936 0.10000000149011612 2
1757519382133 0.10000000149011612 3
1757519387469 0.10000000149011612 4
1757519392756 0.10000000149011612 5
1757519398114 0.10000000149011612 6
1757519403318 0.10000000149011612 7
1757519408569 0.10000000149011612 8
1757519413748 0.10000000149011612 9
1757519418846 0.10000000149011612 10
1757519423950 0.10000000149011612 11
1757519428994 0.10000000149011612 12
1757519434075 0.10000000149011612 13
1757519439166 0.10000000149011612 14
1757519444230 0.10000000149011612 15
1757519449692 0.10000000149011612 16
