1757519371721 0.018153805208082 1
1757519377071 0.01819105197985967 2
1757519382267 0.018149512664725382 3
1757519387602 0.018194576259702444 4
1757519392888 0.018143238111709554 5
1757519398246 0.01812684644634525 6
1757519403483 0.018166807868207496 7
1757519408733 0.01813426617688189 8
1757519413881 0.01814646172958116 9
1757519418981 0.018153433144713443 10
1757519424083 0.01815427086936931 11
1757519429126 0.018133735517039895 12
1757519434227 0.018176623930533726 13
1757519439324 0.01815880136564374 14
1757519444379 0.01814958732575178 15
1757519449827 0.018149170946950715 16
