1757519371456 0.009985351741003493 1
1757519376805 0.010009765935440859 2
1757519381987 0.009983317228034139 3
1757519387334 0.010011800293189784 4
1757519392623 0.009979248202095429 5
1757519397982 0.009973144663187364 6
1757519403162 0.009995524344655374 7
1757519408400 0.009975179214961827 8
1757519413617 0.009981282676259676 9
1757519418706 0.009987386292777956 10
1757519423817 0.009985351818613708 11
1757519428849 0.00997517917615672 12
1757519433927 0.010003662357727686 13
1757519439013 0.009989622553500036 14
1757519444068 0.009983515017665923 15
1757519449560 0.009983527900961539 16
