1757519371325 0.099853515625 1
1757519376673 0.10009765625 2
1757519381841 0.09983317057291667 3
1757519387201 0.10011800130208333 4
1757519392491 0.09979248046875 5
1757519397850 0.0997314453125 6
1757519403000 0.09995524088541667 7
1757519408262 0.09975179036458333 8
1757519413484 0.09981282552083333 9
1757519418574 0.09987386067708333 10
1757519423656 0.099853515625 11
1757519428690 0.09975179036458333 12
1757519433761 0.10003662109375 13
1757519438859 0.09989420572916667 14
1757519443935 0.09983317057291667 15
1757519449427 0.09983317057291667 16
