1757518068489 0.34789250882304446 1
1757518082171 0.5270755455201986 2
1757518095770 0.5651901011564293 3
1757518109234 0.5810426789887098 4
1757518122814 0.5889573644618599 5
1757518136394 0.5930826651806734 6
1757518149901 0.6089494641946287 7
1757518163590 0.6081011599423934 8
1757518177200 0.6089721115268006 9
1757518191192 0.6184856113122434 10
1757518204850 0.6185168636088468 11
1757518218547 0.6199998867755033 12
1757518232068 0.6190048066937194 13
1757518245894 0.6241164839997584 14
1757518259432 0.6274895668029785 15
1757518273198 0.6320509460507607 16
1757518287115 0.6282282556806292 17
1757518301100 0.635113253885386 18
1757518314603 0.6305592875091397 19
1757518328315 0.6378469552312579 20
1757518342178 0.6219589369637626 21
1757518356043 0.6278757538114276 22
1757518369673 0.6384140253067017 23
1757518383607 0.6440392708291813 24
1757518397761 0.6345549554240947 25
1757518411916 0.6407827479498727 26
1757518425933 0.6388161535165748 27
1757518439962 0.6456640472217482 28
1757518454254 0.6437613939752385 29
1757518468408 0.6423882817735478 30
