1757518068359 0.3395611624784616 1
1757518082007 0.540674336102544 2
1757518095624 0.5816490674505428 3
1757518109099 0.5982017468432991 4
1757518122666 0.6091438093963935 5
1757518136256 0.6153353744623612 6
1757518149757 0.6243276145993447 7
1757518163451 0.6267321717982389 8
1757518177046 0.6277226063669944 9
1757518191037 0.6339825890502151 10
1757518204714 0.6381049813056479 11
1757518218403 0.6369380829285602 12
1757518231930 0.6406271737449023 13
1757518245726 0.643219878478926 14
1757518259299 0.6449310949870518 15
1757518273039 0.6463657982495367 16
1757518286981 0.6476644703320095 17
1757518300966 0.6492041179112026 18
1757518314469 0.6489743711997051 19
1757518328182 0.6514513358777884 20
1757518342027 0.6464161471444734 21
1757518355907 0.6484337315267447 22
1757518369540 0.6545097511641833 23
1757518383472 0.6591715922161024 24
1757518397628 0.6566315767716389 25
1757518411781 0.6585429237813366 26
1757518425800 0.6561856707748102 27
1757518439829 0.6601714686471589 28
1757518454122 0.662307873064158 29
1757518468275 0.6598991009653831 30
