1757518068642 0.30826817536536527 1
1757518082340 0.5152109788388622 2
1757518095903 0.5570178348190931 3
1757518109399 0.5736953774277045 4
1757518122970 0.5823984815149891 5
1757518136539 0.5875320860317775 6
1757518150039 0.6030751126153129 7
1757518163723 0.6030081632185955 8
1757518177334 0.6037944384983608 9
1757518191347 0.6144530371743806 10
1757518205018 0.6142121346629396 11
1757518218696 0.6150115874348855 12
1757518232200 0.6143281970705304 13
1757518246059 0.6198356273222942 14
1757518259565 0.6230723055041566 15
1757518273333 0.6283239211354937 16
1757518287250 0.623155910141614 17
1757518301234 0.6314770068441119 18
1757518314737 0.6261360462830992 19
1757518328447 0.6344862568135164 20
1757518342317 0.6156405246987635 21
1757518356200 0.6225564540648947 22
1757518369806 0.6345406928840949 23
1757518383740 0.6404071827324069 24
1757518397893 0.630862394157721 25
1757518412049 0.636984253416256 26
1757518426069 0.6346010833370442 27
1757518440105 0.6420946644276989 28
1757518454387 0.6401996940982585 29
1757518468542 0.6385663674802197 30
