1757518068095 2.187182623512891 1
1757518081710 1.7120521019916146 2
1757518095343 1.6492064972313083 3
1757518108817 1.6201492985900567 4
1757518122386 1.6029574384494705 5
1757518135989 1.5935273219128043 6
1757518149485 1.5723747963808021 7
1757518163162 1.5758100042537766 8
1757518176781 1.5674678111562923 9
1757518190761 1.5592114025232744 10
1757518204433 1.5557786153287303 11
1757518218129 1.5496650617949816 12
1757518231635 1.5515260866710119 13
1757518245410 1.5424549166037111 14
1757518259029 1.5409490794551617 15
1757518272750 1.5344318540728823 16
1757518286714 1.53721314303729 17
1757518300699 1.5265445003704148 18
1757518314204 1.5326677487820994 19
1757518327917 1.5196213187003622 20
1757518341753 1.5471673133421917 21
1757518355625 1.5385362907331817 22
1757518369276 1.5211628480833403 23
1757518383205 1.5107635794853678 24
1757518397364 1.5235511818710639 25
1757518411511 1.5182247113208382 26
1757518425534 1.5215174446300583 27
1757518439562 1.5088016694905806 28
1757518453855 1.510805380587675 29
1757518468007 1.5153582485354677 30
