1757518068227 0.3473738480587395 1
1757518081846 0.5271072241724754 2
1757518095487 0.5645926339285714 3
1757518108956 0.5806989584650312 4
1757518122522 0.5893549043305066 5
1757518136124 0.5937665457628212 6
1757518149625 0.6092761025136831 7
1757518163295 0.6077682035309928 8
1757518176914 0.6092678308486938 9
1757518190896 0.6191154304815798 10
1757518204571 0.6187717355027491 11
1757518218262 0.6202499282603361 12
1757518231779 0.6194271639901765 13
1757518245561 0.6244750558113565 14
1757518259160 0.6270824816762185 15
1757518272883 0.6316975574104153 16
1757518286847 0.6279868447050756 17
1757518300833 0.6351755030301153 18
1757518314336 0.6306555648239291 19
1757518328050 0.6378585112338163 20
1757518341893 0.6218251379168763 21
1757518355768 0.6275216900572484 22
1757518369409 0.6386681150416939 23
1757518383339 0.6442725378639844 24
1757518397496 0.634953642378048 25
1757518411646 0.6408088815455534 26
1757518425668 0.6387944622915618 27
1757518439696 0.6459034012288464 28
1757518453989 0.6438513787425294 29
1757518468141 0.6422445822735222 30
